Ti_counts = flip([177
231
254
299
396
549 
786
1241
1980
3369]/20);

Sr_counts = [
3435
1909
1177
 780
 571
 409
 364
 258
 237
 188
]/10;
